1985,2047,2109,2171,2233,2295,2357,2419,2481,
	2543,2605,2667,2730,2792,2854,2916,2978,3040,3102,3164,3226,
	3288,3350,3412,3474,3536,3598,3660,3722,3784,3846,3908,3970,
	3908,3846,3784,3722,3660,3598,3536,3474,3412,3350,3288,3226,
	3164,3102,3040,2978,2916,2854,2792,2730,2667,2605,2543,2481,
	2419,2357,2295,2233,2171,2109,2047,1985,1923,1861,1799,1737,
	1675,1613,1551,1489,1427,1365,1302,1240,1178,1116,1054,992,
	930,868,806,744,682,620,558,496,434,372,310,248,186,124,62,
	62,124,186,248,310,372,434,496,558,620,682,744,806,868,930,
  992,1054,1116,1178,1240,1302,1365,1427,1489,1551,1613,1675,
  1737,1799,1861,1923,1985,