1985,1997,2009,2021,2034,2046,2058,2070,2082,2094,2107,2119,
	2131,2143,2155,2167,2179,2192,2204,2216,2228,2240,2252,2264,2276,2288,2300,
	2312,2324,2336,2348,2360,2372,2384,2396,2408,2420,2432,2443,2455,2467,2479,
	2491,2502,2514,2526,2538,2549,2561,2573,2584,2596,2607,2619,2631,2642,2654,
	2665,2676,2688,2699,2711,2722,2733,2744,2756,2767,2778,2789,2800,2811,2822,
	2833,2844,2855,2866,2877,2888,2899,2910,2920,2931,2942,2953,2963,2974,2984,
	2995,3005,3016,3026,3036,3047,3057,3067,3077,3088,3098,3108,3118,3128,3138,
	3148,3157,3167,3177,3187,3196,3206,3216,3225,3235,3244,3253,3263,3272,3281,
	3290,3300,3309,3318,3327,3336,3345,3353,3362,3371,3380,3388,3397,3405,3414,
	3422,3431,3439,3447,3456,3464,3472,3480,3488,3496,3504,3511,3519,3527,3535,
	3542,3550,3557,3564,3572,3579,3586,3594,3601,3608,3615,3622,3628,3635,3642,
	3649,3655,3662,3668,3675,3681,3687,3694,3700,3706,3712,3718,3724,3730,3735,
	3741,3747,3752,3758,3763,3769,3774,3779,3784,3790,3795,3800,3805,3809,3814,
	3819,3823,3828,3833,3837,3841,3846,3850,3854,3858,3862,3866,3870,3874,3877,
	3881,3885,3888,3891,3895,3898,3901,3905,3908,3911,3914,3916,3919,3922,3925,
	3927,3930,3932,3934,3937,3939,3941,3943,3945,3947,3949,3950,3952,3954,3955,
	3957,3958,3959,3961,3962,3963,3964,3965,3966,3967,3967,3968,3969,3969,3969,
	3970,3970,3970,3970,3970,3970,3970,3970,3970,3970,3969,3969,3968,3967,3967,
	3966,3965,3964,3963,3962,3961,3960,3958,3957,3956,3954,3953,3951,3949,3947,
	3945,3944,3941,3939,3937,3935,3933,3930,3928,3925,3923,3920,3917,3914,3911,
	3908,3905,3902,3899,3896,3892,3889,3885,3882,3878,3875,3871,3867,3863,3859,
	3855,3851,3847,3842,3838,3834,3829,3825,3820,3815,3811,3806,3801,3796,3791,
	3786,3781,3775,3770,3765,3759,3754,3748,3743,3737,3731,3725,3719,3714,3707,
	3701,3695,3689,3683,3676,3670,3664,3657,3650,3644,3637,3630,3623,3616,3609,
	3602,3595,3588,3581,3574,3566,3559,3552,3544,3536,3529,3521,3513,3506,3498,
	3490,3482,3474,3466,3458,3449,3441,3433,3425,3416,3408,3399,3391,3382,3373,
	3365,3356,3347,3338,3329,3320,3311,3302,3293,3284,3274,3265,3256,3246,3237,
	3228,3218,3208,3199,3189,3179,3170,3160,3150,3140,3130,3120,3110,3100,3090,
	3080,3070,3060,3049,3039,3029,3018,3008,2997,2987,2976,2966,2955,2945,2934,
	2923,2912,2902,2891,2880,2869,2858,2847,2836,2825,2814,2803,2792,2781,2770,
	2759,2747,2736,2725,2713,2702,2691,2679,2668,2656,2645,2634,2622,2610,2599,
	2587,2576,2564,2552,2541,2529,2517,2506,2494,2482,2470,2458,2447,2435,2423,
	2411,2399,2387,2375,2363,2351,2339,2327,2315,2303,2291,2279,2267,2255,2243,
	2231,2219,2207,2195,2183,2170,2158,2146,2134,2122,2110,2098,2085,2073,2061,
	2049,2037,2025,2012,2000,1988,1976,1964,1952,1939,1927,1915,1903,1891,1879,
	1866,1854,1842,1830,1818,1806,1794,1781,1769,1757,1745,1733,1721,1709,1697,
	1685,1673,1661,1649,1637,1625,1613,1601,1589,1577,1565,1553,1541,1530,1518,
	1506,1494,1482,1470,1459,1447,1435,1424,1412,1400,1389,1377,1365,1354,1342,
	1331,1319,1308,1296,1285,1274,1262,1251,1240,1228,1217,1206,1195,1184,1173,
	1161,1150,1139,1128,1117,1106,1096,1085,1074,1063,1052,1042,1031,1020,1010,
	999,988,978,967,957,947,936,926,916,905,895,885,875,865,855,845,835,825,815,
	805,796,786,776,766,757,747,738,728,719,710,700,691,682,673,664,654,645,637,
	628,619,610,601,592,584,575,567,558,550,541,533,525,517,508,500,492,484,476,
	468,461,453,445,437,430,422,415,407,400,393,385,378,371,364,357,350,343,336,
	330,323,316,310,303,297,290,284,278,272,266,260,254,248,242,236,230,225,219,
	213,208,203,197,192,187,182,177,172,167,162,157,152,148,143,139,134,130,125,
	121,117,113,109,105,101,97,94,90,86,83,79,76,73,69,66,63,60,57,54,51,49,46,43,
	41,39,36,34,32,30,27,25,24,22,20,18,17,15,14,12,11,10,8,7,6,5,4,4,3,2,2,1,1,0,
	0,0,0,0,0,0,0,0,0,1,1,2,2,3,4,5,5,6,7,9,10,11,12,14,15,17,19,20,22,24,26,28,30,
	32,34,37,39,42,44,47,49,52,55,58,61,64,67,70,73,77,80,84,87,91,94,98,102,106,110,
	114,118,122,126,131,135,140,144,149,153,158,163,168,173,178,183,188,193,198,204,
	209,215,220,226,231,237,243,249,255,261,267,273,279,286,292,298,305,311,318,324,
	331,338,345,352,359,366,373,380,387,394,402,409,416,424,431,439,447,454,462,470,
	478,486,494,502,510,518,527,535,543,552,560,569,577,586,594,603,612,621,630,638,
	647,656,666,675,684,693,702,712,721,730,740,749,759,769,778,788,798,807,817,827,
	837,847,857,867,877,887,897,908,918,928,938,949,959,970,980,991,1001,1012,1023,
	1033,1044,1055,1065,1076,1087,1098,1109,1120,1131,1142,1153,1164,1175,1186,1197,
	1208,1220,1231,1242,1254,1265,1276,1288,1299,1310,1322,1333,1345,1356,1368,1380,
	1391,1403,1414,1426,1438,1450,1461,1473,1485,1497,1508,1520,1532,1544,1556,1568,
	1580,1592,1604,1616,1627,1639,1651,1663,1675,1688,1700,1712,1724,1736,1748,1760,
1772,1784,1796,1808,1821,1833,1845,1857,1869,1881,1893,1906,1918,1930,1942,1954,1966,